name: 3dgan_env_36
channels:
  - anaconda
  - conda-forge
  - defaults
dependencies:
  - absl-py=0.7.1=py36_0
  - backports=1.0=py_2
  - backports.weakref=1.0.post1=py36_1000
  - blas=1.0=openblas
  - bleach=1.5.0=py36_0
  - ca-certificates=2019.6.16=hecc5488_0
  - certifi=2019.6.16=py36_1
  - cycler=0.10.0=py_1
  - freetype=2.10.0=h24853df_1
  - h5py=2.9.0=nompi_py36h35dc34b_1102
  - hdf5=1.10.4=nompi_h0cbb7df_1106
  - html5lib=0.9999999=py36_0
  - joblib=0.13.2=py36_0
  - keras=2.2.4=py36_1
  - keras-applications=1.0.7=py_1
  - keras-preprocessing=1.0.9=py_1
  - kiwisolver=1.1.0=py36h770b8ee_0
  - libblas=3.8.0=10_openblas
  - libcblas=3.8.0=10_openblas
  - libcxx=4.0.1=hcfea43d_1
  - libcxxabi=4.0.1=hcfea43d_1
  - libedit=3.1.20181209=hb402a30_0
  - libffi=3.2.1=h475c297_4
  - libgfortran=3.0.1=0
  - libgpuarray=0.7.6=h1de35cc_1003
  - liblapack=3.8.0=10_openblas
  - libopenblas=0.3.6=hd44dcd8_4
  - libpng=1.6.37=h2573ce8_0
  - libprotobuf=3.9.0=hfbae3c0_0
  - llvm-openmp=8.0.0=h770b8ee_1
  - mako=1.0.10=py_0
  - markdown=3.1.1=py_0
  - markupsafe=1.1.1=py36h1de35cc_0
  - matplotlib=3.1.1=py36_1
  - matplotlib-base=3.1.1=py36h3a684a6_1
  - ncurses=6.1=h0a44026_1
  - numpy=1.16.4=py36h6b0580a_0
  - openblas=0.3.6=hd44dcd8_4
  - openssl=1.1.1c=h01d97ff_0
  - pip=19.1.1=py36_0
  - protobuf=3.9.0=py36h6de7cb9_0
  - pygpu=0.7.6=py36h917ab60_1000
  - pyparsing=2.4.2=py_0
  - python=3.6.8=haf84260_0
  - python-dateutil=2.8.0=py_0
  - pyyaml=5.1.1=py36h01d97ff_0
  - readline=7.0=h1de35cc_5
  - scikit-learn=0.21.2=py36hebd9d1a_0
  - scipy=1.3.0=py36hab3da7d_0
  - setuptools=41.0.1=py36_0
  - six=1.12.0=py36_1000
  - sqlite=3.28.0=ha441bb4_0
  - tensorboard=1.5.1=py36_1
  - tensorflow=1.5.1=py36_0
  - theano=1.0.3=py36_0
  - tk=8.6.8=ha441bb4_0
  - tornado=6.0.3=py36h01d97ff_0
  - webencodings=0.5.1=py_1
  - werkzeug=0.15.4=py_0
  - wheel=0.33.4=py36_0
  - xz=5.2.4=h1de35cc_4
  - yaml=0.1.7=h1de35cc_1001
  - zlib=1.2.11=h1de35cc_3
  - pip:
    - appnope==0.1.0
    - backcall==0.1.0
    - decorator==4.4.0
    - ipykernel==5.1.1
    - ipython==7.6.1
    - ipython-genutils==0.2.0
    - jedi==0.14.1
    - jupyter-client==5.3.1
    - jupyter-core==4.5.0
    - memory-profiler==0.55.0
    - parso==0.5.1
    - pexpect==4.7.0
    - pickleshare==0.7.5
    - prompt-toolkit==2.0.9
    - psutil==5.6.3
    - ptyprocess==0.6.0
    - pygments==2.4.2
    - pyzmq==18.0.2
    - traitlets==4.3.2
    - wcwidth==0.1.7

